20 1 1.0 1.0 0.2 4.0 10.0 0.5 800 15000.0
0 0 0 0 76 0 0 0 0 0 0 37 0 39 0 0 41 0 0 0
0 0 0 0 0 0 0 0 0 50 0 0 0 0 32 0 44 0 0 0
0 0 0 72 0 0 0 0 0 0 0 0 0 22 17 0 0 0 0 0
0 0 72 0 0 0 59 52 0 15 0 0 0 32 15 0 0 0 0 0
76 0 0 0 0 0 0 0 0 61 0 0 0 0 0 61 0 0 0 0
0 0 0 0 0 0 0 0 77 0 0 0 0 0 0 0 33 13 20 0
0 0 0 59 0 0 0 57 53 0 0 0 0 0 0 0 0 6 0 52
0 0 0 52 0 0 57 0 0 19 54 44 0 0 0 48 0 39 0 0
0 0 0 0 0 77 53 0 0 0 0 0 0 0 0 0 27 0 0 0
0 50 0 15 61 0 0 19 0 0 0 0 0 0 0 0 0 0 2 18
0 0 0 0 0 0 0 54 0 0 0 0 23 0 0 0 0 0 64 0
37 0 0 0 0 0 0 44 0 0 0 0 0 0 0 0 0 0 0 0
0 0 0 0 0 0 0 0 0 0 23 0 0 0 76 61 0 43 55 0
39 0 22 32 0 0 0 0 0 0 0 0 0 0 0 0 0 0 0 0
0 32 17 15 0 0 0 0 0 0 0 0 76 0 0 0 0 0 0 0
0 0 0 0 61 0 0 48 0 0 0 0 61 0 0 0 0 0 0 0
41 44 0 0 0 33 0 0 27 0 0 0 0 0 0 0 0 0 0 0
0 0 0 0 0 13 6 39 0 0 0 0 43 0 0 0 0 0 13 0
0 0 0 0 0 20 0 0 0 2 64 0 55 0 0 0 0 13 0 67
0 0 0 0 0 0 52 0 0 18 0 0 0 0 0 0 0 0 67 0