Input parameters:
        20: Number of nodes in the graph
        1: The nest node
        1.0: alpha, ant move event
        1.0: beta, ant move event
        0.2: delta, ant move event
        2.0: eta, pheromone evaporation event
        10.0: rho, pheromone evaporation event
        0.5: pheromone level
        200: ant colony size
        10000.0: final instant
With graph:
 0 19 7 28 13 52 79 26 80 8 3 6 73 55 44 21 15 61 72 11
 19 0 14 2 51 37 79 31 31 43 33 60 63 15 20 73 27 35 71 1
 7 14 0 18 58 1 21 47 72 71 14 36 6 53 9 45 59 35 64 38
 28 2 18 0 54 28 0 58 46 18 63 14 31 7 47 0 10 20 4 77
 13 51 58 54 0 7 1 33 47 59 29 33 65 51 14 45 46 21 66 59
 52 37 1 28 7 0 33 48 25 45 80 35 69 66 2 70 70 64 22 70
 79 79 21 0 1 33 0 68 42 44 76 33 19 50 75 43 18 32 0 43
 26 31 47 58 33 48 68 0 64 0 59 21 42 78 4 10 43 20 66 13
 80 31 72 46 47 25 42 64 0 11 67 39 5 14 28 78 5 1 25 29
 8 43 71 18 59 45 44 0 11 0 12 79 39 5 20 64 14 35 22 2
 3 33 14 63 29 80 76 59 67 12 0 31 29 78 65 58 24 80 46 64
 6 60 36 14 33 35 33 21 39 79 31 0 19 27 16 34 17 59 58 74
 73 63 6 31 65 69 19 42 5 39 29 19 0 43 8 74 61 17 23 38
 55 15 53 7 51 66 50 78 14 5 78 27 43 0 26 0 0 21 36 41
 44 20 9 47 14 2 75 4 28 20 65 16 8 26 0 19 4 75 32 17
 21 73 45 0 45 70 43 10 78 64 58 34 74 0 19 0 29 78 15 79
 15 27 59 10 46 70 18 43 5 14 24 17 61 0 4 29 0 11 27 9
 61 35 35 20 21 64 32 20 1 35 80 59 17 21 75 78 11 0 60 0
 72 71 64 4 66 22 0 66 25 22 46 58 23 36 32 15 27 60 0 13
 11 1 38 77 59 70 43 13 29 2 64 74 38 41 17 79 9 0 13 0
Observation number:1
Present instant: 500.0
Number of move events: 23032
Number of evaporation events: 3487
Top candidate cycles:
{1,3,6,9,18,17,4,2,20,10,14,15,8,16,19,11,5,7,13,12} : 240
{1,12,14,10,20,2,4,19,6,15,17,9,18,7,5,16,8,3,13,11} : 254
{1,12,4,19,16,5,7,14,10,20,2,3,6,15,13,9,18,17,11,8} : 294
{1,3,6,15,8,16,17,18,4,19,11,10,14,2,20,13,9,12,7,5} : 296
{1,3,13,9,18,14,12,4,19,20,2,17,15,6,5,7,8,16,10,11} : 297
Best Hamiltonian cycle: {1,3,2,4,19,16,7,5,6,15,17,12,14,10,20,8,18,9,13,11} : 221
Observation number:2
Present instant: 1000.0
Number of move events: 46896
Number of evaporation events: 7879
Top candidate cycles:
{1,11,10,14,2,20,17,15,6,3,13,7,5,8,16,19,4,18,9,12} : 206
{1,12,13,3,6,15,8,16,19,20,2,17,9,18,7,5,11,10,14,4} : 224
{1,12,17,15,6,3,13,19,4,2,20,10,14,9,18,7,5,8,16,11} : 225
{1,11,3,6,15,17,9,18,14,10,20,2,4,19,12,13,7,5,8,16} : 226
{1,11,13,3,6,15,17,9,18,14,10,19,4,2,20,8,5,7,12,16} : 241
Best Hamiltonian cycle: {1,20,2,4,14,10,11,3,6,19,16,8,18,9,17,15,13,7,5,12} : 197
Observation number:3
Present instant: 1500.0
Number of move events: 81975
Number of evaporation events: 14456
Top candidate cycles:
{1,11,10,14,12,7,5,6,3,13,18,9,17,15,8,16,19,4,2,20} : 169
{1,20,2,4,19,16,8,15,17,9,18,13,3,6,5,7,12,14,10,11} : 169
{1,3,6,5,7,12,14,10,20,2,4,19,16,8,15,17,9,18,13,11} : 178
{1,11,10,14,12,8,15,17,9,18,13,3,6,5,7,16,19,4,2,20} : 190
{1,12,14,10,20,2,4,19,16,8,15,17,9,18,13,3,6,5,7,11} : 197
Best Hamiltonian cycle: {1,12,14,10,20,2,4,19,16,8,15,17,18,9,13,7,5,6,3,11} : 142
Observation number:4
Present instant: 2000.0
Number of move events: 123727
Number of evaporation events: 20299
Top candidate cycles:
{1,11,10,14,12,7,5,6,3,13,18,9,17,15,8,16,19,4,2,20} : 169
{1,20,2,4,19,16,8,15,17,9,18,13,3,6,5,7,12,14,10,11} : 169
{1,3,6,5,7,12,14,10,20,2,4,19,16,8,15,17,9,18,13,11} : 178
{1,11,10,14,12,8,15,17,9,18,13,3,6,5,7,16,19,4,2,20} : 190
{1,11,2,4,19,16,8,15,17,9,18,13,3,6,5,7,12,14,10,20} : 191
Best Hamiltonian cycle: {1,12,14,10,20,2,4,19,16,8,15,17,18,9,13,7,5,6,3,11} : 142
Observation number:5
Present instant: 2500.0
Number of move events: 164457
Number of evaporation events: 25875
Top candidate cycles:
{1,11,10,14,12,7,5,6,3,13,18,9,17,15,8,16,19,4,2,20} : 169
{1,20,2,4,19,16,8,15,17,9,18,13,3,6,5,7,12,14,10,11} : 169
{1,3,6,5,7,12,14,10,20,2,4,19,16,8,15,17,9,18,13,11} : 178
{1,11,10,14,12,8,15,17,9,18,13,3,6,5,7,16,19,4,2,20} : 190
{1,11,2,4,19,16,8,15,17,9,18,13,3,6,5,7,12,14,10,20} : 191
Best Hamiltonian cycle: {1,12,14,10,20,2,4,19,16,8,15,17,18,9,13,7,5,6,3,11} : 142
Observation number:6
Present instant: 3000.0
Number of move events: 205249
Number of evaporation events: 31386
Top candidate cycles:
{1,11,10,14,12,7,5,6,3,13,18,9,17,15,8,16,19,4,2,20} : 169
{1,20,2,4,19,16,8,15,17,9,18,13,3,6,5,7,12,14,10,11} : 169
{1,3,6,5,7,12,14,10,20,2,4,19,16,8,15,17,9,18,13,11} : 178
{1,11,10,14,12,8,15,17,9,18,13,3,6,5,7,16,19,4,2,20} : 190
{1,11,2,4,19,16,8,15,17,9,18,13,3,6,5,7,12,14,10,20} : 191
Best Hamiltonian cycle: {1,12,14,10,20,2,4,19,16,8,15,17,18,9,13,7,5,6,3,11} : 142
Observation number:7
Present instant: 3500.0
Number of move events: 245864
Number of evaporation events: 36818
Top candidate cycles:
{1,11,10,14,12,7,5,6,3,13,18,9,17,15,8,16,19,4,2,20} : 169
{1,20,2,4,19,16,8,15,17,9,18,13,3,6,5,7,12,14,10,11} : 169
{1,3,6,5,7,12,14,10,20,2,4,19,16,8,15,17,9,18,13,11} : 178
{1,11,10,14,12,8,15,17,9,18,13,3,6,5,7,16,19,4,2,20} : 190
{1,11,2,4,19,16,8,15,17,9,18,13,3,6,5,7,12,14,10,20} : 191
Best Hamiltonian cycle: {1,12,14,10,20,2,4,19,16,8,15,17,18,9,13,7,5,6,3,11} : 142
Observation number:8
Present instant: 4000.0
Number of move events: 286097
Number of evaporation events: 42083
Top candidate cycles:
{1,11,10,14,12,7,5,6,3,13,18,9,17,15,8,16,19,4,2,20} : 169
{1,20,2,4,19,16,8,15,17,9,18,13,3,6,5,7,12,14,10,11} : 169
{1,3,6,5,7,12,14,10,20,2,4,19,16,8,15,17,9,18,13,11} : 178
{1,11,10,14,12,8,15,17,9,18,13,3,6,5,7,16,19,4,2,20} : 190
{1,11,2,4,19,16,8,15,17,9,18,13,3,6,5,7,12,14,10,20} : 191
Best Hamiltonian cycle: {1,12,14,10,20,2,4,19,16,8,15,17,18,9,13,7,5,6,3,11} : 142
Observation number:9
Present instant: 4500.0
Number of move events: 325369
Number of evaporation events: 47287
Top candidate cycles:
{1,11,10,14,12,7,5,6,3,13,18,9,17,15,8,16,19,4,2,20} : 169
{1,20,2,4,19,16,8,15,17,9,18,13,3,6,5,7,12,14,10,11} : 169
{1,3,6,5,7,12,14,10,20,2,4,19,16,8,15,17,9,18,13,11} : 178
{1,11,10,14,12,8,15,17,9,18,13,3,6,5,7,16,19,4,2,20} : 190
{1,11,2,4,19,16,8,15,17,9,18,13,3,6,5,7,12,14,10,20} : 191
Best Hamiltonian cycle: {1,12,14,10,20,2,4,19,16,8,15,17,18,9,13,7,5,6,3,11} : 142
Observation number:10
Present instant: 5000.0
Number of move events: 364181
Number of evaporation events: 52335
Top candidate cycles:
{1,11,10,14,12,7,5,6,3,13,18,9,17,15,8,16,19,4,2,20} : 169
{1,20,2,4,19,16,8,15,17,9,18,13,3,6,5,7,12,14,10,11} : 169
{1,3,6,5,7,12,14,10,20,2,4,19,16,8,15,17,9,18,13,11} : 178
{1,11,10,14,12,8,15,17,9,18,13,3,6,5,7,16,19,4,2,20} : 190
{1,11,2,4,19,16,8,15,17,9,18,13,3,6,5,7,12,14,10,20} : 191
Best Hamiltonian cycle: {1,12,14,10,20,2,4,19,16,8,15,17,18,9,13,7,5,6,3,11} : 142
Observation number:11
Present instant: 5500.0
Number of move events: 403033
Number of evaporation events: 57352
Top candidate cycles:
{1,11,10,14,12,7,5,6,3,13,18,9,17,15,8,16,19,4,2,20} : 169
{1,20,2,4,19,16,8,15,17,9,18,13,3,6,5,7,12,14,10,11} : 169
{1,3,6,5,7,12,14,10,20,2,4,19,16,8,15,17,9,18,13,11} : 178
{1,11,10,14,12,8,15,17,9,18,13,3,6,5,7,16,19,4,2,20} : 190
{1,11,2,4,19,16,8,15,17,9,18,13,3,6,5,7,12,14,10,20} : 191
Best Hamiltonian cycle: {1,12,14,10,20,2,4,19,16,8,15,17,18,9,13,7,5,6,3,11} : 142
Observation number:12
Present instant: 6000.0
Number of move events: 441948
Number of evaporation events: 62281
Top candidate cycles:
{1,11,10,14,12,7,5,6,3,13,18,9,17,15,8,16,19,4,2,20} : 169
{1,20,2,4,19,16,8,15,17,9,18,13,3,6,5,7,12,14,10,11} : 169
{1,3,6,5,7,12,14,10,20,2,4,19,16,8,15,17,9,18,13,11} : 178
{1,11,10,14,12,8,15,17,9,18,13,3,6,5,7,16,19,4,2,20} : 190
{1,11,2,4,19,16,8,15,17,9,18,13,3,6,5,7,12,14,10,20} : 191
Best Hamiltonian cycle: {1,12,14,10,20,2,4,19,16,8,15,17,18,9,13,7,5,6,3,11} : 142
Observation number:13
Present instant: 6500.0
Number of move events: 481448
Number of evaporation events: 67299
Top candidate cycles:
{1,11,10,14,12,7,5,6,3,13,18,9,17,15,8,16,19,4,2,20} : 169
{1,20,2,4,19,16,8,15,17,9,18,13,3,6,5,7,12,14,10,11} : 169
{1,3,6,5,7,12,14,10,20,2,4,19,16,8,15,17,9,18,13,11} : 178
{1,11,10,14,12,8,15,17,9,18,13,3,6,5,7,16,19,4,2,20} : 190
{1,11,2,4,19,16,8,15,17,9,18,13,3,6,5,7,12,14,10,20} : 191
Best Hamiltonian cycle: {1,12,14,10,20,2,4,19,16,8,15,17,18,9,13,7,5,6,3,11} : 142
Observation number:14
Present instant: 7000.0
Number of move events: 519961
Number of evaporation events: 72215
Top candidate cycles:
{1,11,10,14,12,7,5,6,3,13,18,9,17,15,8,16,19,4,2,20} : 169
{1,20,2,4,19,16,8,15,17,9,18,13,3,6,5,7,12,14,10,11} : 169
{1,3,6,5,7,12,14,10,20,2,4,19,16,8,15,17,9,18,13,11} : 178
{1,11,10,14,12,8,15,17,9,18,13,3,6,5,7,16,19,4,2,20} : 190
{1,11,2,4,19,16,8,15,17,9,18,13,3,6,5,7,12,14,10,20} : 191
Best Hamiltonian cycle: {1,12,14,10,20,2,4,19,16,8,15,17,18,9,13,7,5,6,3,11} : 142
Observation number:15
Present instant: 7500.0
Number of move events: 559500
Number of evaporation events: 77200
Top candidate cycles:
{1,11,10,14,12,7,5,6,3,13,18,9,17,15,8,16,19,4,2,20} : 169
{1,20,2,4,19,16,8,15,17,9,18,13,3,6,5,7,12,14,10,11} : 169
{1,3,6,5,7,12,14,10,20,2,4,19,16,8,15,17,9,18,13,11} : 178
{1,11,10,14,12,8,15,17,9,18,13,3,6,5,7,16,19,4,2,20} : 190
{1,11,2,4,19,16,8,15,17,9,18,13,3,6,5,7,12,14,10,20} : 191
Best Hamiltonian cycle: {1,12,14,10,20,2,4,19,16,8,15,17,18,9,13,7,5,6,3,11} : 142
Observation number:16
Present instant: 8000.0
Number of move events: 598842
Number of evaporation events: 82137
Top candidate cycles:
{1,11,10,14,12,7,5,6,3,13,18,9,17,15,8,16,19,4,2,20} : 169
{1,20,2,4,19,16,8,15,17,9,18,13,3,6,5,7,12,14,10,11} : 169
{1,3,6,5,7,12,14,10,20,2,4,19,16,8,15,17,9,18,13,11} : 178
{1,11,10,14,12,8,15,17,9,18,13,3,6,5,7,16,19,4,2,20} : 190
{1,11,2,4,19,16,8,15,17,9,18,13,3,6,5,7,12,14,10,20} : 191
Best Hamiltonian cycle: {1,12,14,10,20,2,4,19,16,8,15,17,18,9,13,7,5,6,3,11} : 142
Observation number:17
Present instant: 8500.0
Number of move events: 637924
Number of evaporation events: 87139
Top candidate cycles:
{1,11,10,14,12,7,5,6,3,13,18,9,17,15,8,16,19,4,2,20} : 169
{1,20,2,4,19,16,8,15,17,9,18,13,3,6,5,7,12,14,10,11} : 169
{1,3,6,5,7,12,14,10,20,2,4,19,16,8,15,17,9,18,13,11} : 178
{1,11,10,14,12,8,15,17,9,18,13,3,6,5,7,16,19,4,2,20} : 190
{1,11,2,4,19,16,8,15,17,9,18,13,3,6,5,7,12,14,10,20} : 191
Best Hamiltonian cycle: {1,12,14,10,20,2,4,19,16,8,15,17,18,9,13,7,5,6,3,11} : 142
Observation number:18
Present instant: 9000.0
Number of move events: 676676
Number of evaporation events: 92140
Top candidate cycles:
{1,11,10,14,12,7,5,6,3,13,18,9,17,15,8,16,19,4,2,20} : 169
{1,20,2,4,19,16,8,15,17,9,18,13,3,6,5,7,12,14,10,11} : 169
{1,3,6,5,7,12,14,10,20,2,4,19,16,8,15,17,9,18,13,11} : 178
{1,11,10,14,12,8,15,17,9,18,13,3,6,5,7,16,19,4,2,20} : 190
{1,11,2,4,19,16,8,15,17,9,18,13,3,6,5,7,12,14,10,20} : 191
Best Hamiltonian cycle: {1,12,14,10,20,2,4,19,16,8,15,17,18,9,13,7,5,6,3,11} : 142
Observation number:19
Present instant: 9500.0
Number of move events: 715593
Number of evaporation events: 97124
Top candidate cycles:
{1,11,10,14,12,7,5,6,3,13,18,9,17,15,8,16,19,4,2,20} : 169
{1,20,2,4,19,16,8,15,17,9,18,13,3,6,5,7,12,14,10,11} : 169
{1,3,6,5,7,12,14,10,20,2,4,19,16,8,15,17,9,18,13,11} : 178
{1,11,10,14,12,8,15,17,9,18,13,3,6,5,7,16,19,4,2,20} : 190
{1,11,2,4,19,16,8,15,17,9,18,13,3,6,5,7,12,14,10,20} : 191
Best Hamiltonian cycle: {1,12,14,10,20,2,4,19,16,8,15,17,18,9,13,7,5,6,3,11} : 142
Observation number:20
Present instant: 10000.0
Number of move events: 753669
Number of evaporation events: 102045
Top candidate cycles:
{1,11,10,14,12,7,5,6,3,13,18,9,17,15,8,16,19,4,2,20} : 169
{1,20,2,4,19,16,8,15,17,9,18,13,3,6,5,7,12,14,10,11} : 169
{1,3,6,5,7,12,14,10,20,2,4,19,16,8,15,17,9,18,13,11} : 178
{1,11,10,14,12,8,15,17,9,18,13,3,6,5,7,16,19,4,2,20} : 190
{1,11,2,4,19,16,8,15,17,9,18,13,3,6,5,7,12,14,10,20} : 191
Best Hamiltonian cycle: {1,12,14,10,20,2,4,19,16,8,15,17,18,9,13,7,5,6,3,11} : 142