Input parameters:
        20: Number of nodes in the graph
        1: The nest node
        1.0: alpha, ant move event
        1.0: beta, ant move event
        0.2: delta, ant move event
        4.0: eta, pheromone evaporation event
        10.0: rho, pheromone evaporation event
        0.5: pheromone level
        800: ant colony size
        15000.0: final instant
With graph:
 0 0 0 0 76 0 0 0 0 0 0 37 0 39 0 0 41 0 0 0
 0 0 0 0 0 0 0 0 0 50 0 0 0 0 32 0 44 0 0 0
 0 0 0 72 0 0 0 0 0 0 0 0 0 22 17 0 0 0 0 0
 0 0 72 0 0 0 59 52 0 15 0 0 0 32 15 0 0 0 0 0
 76 0 0 0 0 0 0 0 0 61 0 0 0 0 0 61 0 0 0 0
 0 0 0 0 0 0 0 0 77 0 0 0 0 0 0 0 33 13 20 0
 0 0 0 59 0 0 0 57 53 0 0 0 0 0 0 0 0 6 0 52
 0 0 0 52 0 0 57 0 0 19 54 44 0 0 0 48 0 39 0 0
 0 0 0 0 0 77 53 0 0 0 0 0 0 0 0 0 27 0 0 0
 0 50 0 15 61 0 0 19 0 0 0 0 0 0 0 0 0 0 2 18
 0 0 0 0 0 0 0 54 0 0 0 0 23 0 0 0 0 0 64 0
 37 0 0 0 0 0 0 44 0 0 0 0 0 0 0 0 0 0 0 0
 0 0 0 0 0 0 0 0 0 0 23 0 0 0 76 61 0 43 55 0
 39 0 22 32 0 0 0 0 0 0 0 0 0 0 0 0 0 0 0 0
 0 32 17 15 0 0 0 0 0 0 0 0 76 0 0 0 0 0 0 0
 0 0 0 0 61 0 0 48 0 0 0 0 61 0 0 0 0 0 0 0
 41 44 0 0 0 33 0 0 27 0 0 0 0 0 0 0 0 0 0 0
 0 0 0 0 0 13 6 39 0 0 0 0 43 0 0 0 0 0 13 0
 0 0 0 0 0 20 0 0 0 2 64 0 55 0 0 0 0 13 0 67
 0 0 0 0 0 0 52 0 0 18 0 0 0 0 0 0 0 0 67 0
Observation number:1
Present instant: 750.0
Number of move events: 85012
Number of evaporation events: 225
Top candidate cycles:
{1,12,8,11,13,16,5,10,20,7,18,19,6,9,17,2,15,4,3,14} : 778
{1,14,4,3,15,2,17,9,6,19,18,7,20,10,5,16,13,11,8,12} : 790
{1,14,3,4,15,2,17,9,6,18,7,20,19,10,5,16,13,11,8,12} : 809
{1,14,4,3,15,2,17,9,6,19,11,13,16,5,10,20,7,18,8,12} : 826
{1,12,8,18,7,20,10,5,16,13,11,19,6,9,17,2,15,3,4,14} : 826
Best Hamiltonian cycle: {1,14,3,4,15,2,17,9,6,19,18,7,20,10,5,16,13,11,8,12} : 778
Observation number:2
Present instant: 1500.0
Number of move events: 169294
Number of evaporation events: 301
Top candidate cycles:
{1,12,8,4,14,3,15,2,17,9,6,18,7,20,10,19,11,13,16,5} : 760
{1,12,8,18,7,20,10,4,14,3,15,2,17,9,6,19,11,13,16,5} : 767
{1,12,8,18,6,9,17,2,15,3,14,4,7,20,10,19,11,13,16,5} : 800
{1,12,8,16,5,10,20,7,18,13,11,19,6,9,17,2,15,4,3,14} : 805
{1,12,8,11,13,16,5,10,19,20,7,18,6,9,17,2,15,3,4,14} : 821
Best Hamiltonian cycle: {1,5,16,13,11,19,10,20,7,18,6,9,17,2,15,3,14,4,8,12} : 760
Observation number:3
Present instant: 2250.0
Number of move events: 253689
Number of evaporation events: 500
Top candidate cycles:
{1,12,8,4,14,3,15,2,17,9,6,18,7,20,10,19,11,13,16,5} : 760
{1,12,8,18,7,20,10,4,14,3,15,2,17,9,6,19,11,13,16,5} : 767
{1,5,16,13,11,19,6,9,17,2,15,3,14,4,10,20,7,18,8,12} : 767
{1,12,8,11,13,16,5,10,20,19,6,18,7,9,17,2,15,4,3,14} : 769
{1,12,8,18,6,9,17,2,15,3,14,4,7,20,10,19,11,13,16,5} : 800
Best Hamiltonian cycle: {1,5,16,13,11,19,10,20,7,18,6,9,17,2,15,3,14,4,8,12} : 760
Observation number:4
Present instant: 3000.0
Number of move events: 338140
Number of evaporation events: 545
Top candidate cycles:
{1,12,8,4,14,3,15,2,17,9,6,18,7,20,10,19,11,13,16,5} : 760
{1,12,8,18,7,20,10,4,14,3,15,2,17,9,6,19,11,13,16,5} : 767
{1,5,16,13,11,19,6,9,17,2,15,3,14,4,10,20,7,18,8,12} : 767
{1,12,8,11,13,16,5,10,20,19,6,18,7,9,17,2,15,4,3,14} : 769
{1,12,8,18,6,9,17,2,15,3,14,4,7,20,10,19,11,13,16,5} : 800
Best Hamiltonian cycle: {1,5,16,13,11,19,10,20,7,18,6,9,17,2,15,3,14,4,8,12} : 760
Observation number:5
Present instant: 3750.0
Number of move events: 426846
Number of evaporation events: 553
Top candidate cycles:
{1,12,8,4,14,3,15,2,17,9,6,18,7,20,10,19,11,13,16,5} : 760
{1,12,8,18,7,20,10,4,14,3,15,2,17,9,6,19,11,13,16,5} : 767
{1,5,16,13,11,19,6,9,17,2,15,3,14,4,10,20,7,18,8,12} : 767
{1,12,8,11,13,16,5,10,20,19,6,18,7,9,17,2,15,4,3,14} : 769
{1,12,8,18,6,9,17,2,15,3,14,4,7,20,10,19,11,13,16,5} : 800
Best Hamiltonian cycle: {1,5,16,13,11,19,10,20,7,18,6,9,17,2,15,3,14,4,8,12} : 760
Observation number:6
Present instant: 4500.0
Number of move events: 517247
Number of evaporation events: 553
Top candidate cycles:
{1,12,8,4,14,3,15,2,17,9,6,18,7,20,10,19,11,13,16,5} : 760
{1,12,8,18,7,20,10,4,14,3,15,2,17,9,6,19,11,13,16,5} : 767
{1,5,16,13,11,19,6,9,17,2,15,3,14,4,10,20,7,18,8,12} : 767
{1,12,8,11,13,16,5,10,20,19,6,18,7,9,17,2,15,4,3,14} : 769
{1,12,8,18,6,9,17,2,15,3,14,4,7,20,10,19,11,13,16,5} : 800
Best Hamiltonian cycle: {1,5,16,13,11,19,10,20,7,18,6,9,17,2,15,3,14,4,8,12} : 760
Observation number:7
Present instant: 5250.0
Number of move events: 605816
Number of evaporation events: 553
Top candidate cycles:
{1,12,8,4,14,3,15,2,17,9,6,18,7,20,10,19,11,13,16,5} : 760
{1,12,8,18,7,20,10,4,14,3,15,2,17,9,6,19,11,13,16,5} : 767
{1,5,16,13,11,19,6,9,17,2,15,3,14,4,10,20,7,18,8,12} : 767
{1,12,8,11,13,16,5,10,20,19,6,18,7,9,17,2,15,4,3,14} : 769
{1,12,8,18,6,9,17,2,15,3,14,4,7,20,10,19,11,13,16,5} : 800
Best Hamiltonian cycle: {1,5,16,13,11,19,10,20,7,18,6,9,17,2,15,3,14,4,8,12} : 760
Observation number:8
Present instant: 6000.0
Number of move events: 695845
Number of evaporation events: 553
Top candidate cycles:
{1,12,8,4,14,3,15,2,17,9,6,18,7,20,10,19,11,13,16,5} : 760
{1,12,8,18,7,20,10,4,14,3,15,2,17,9,6,19,11,13,16,5} : 767
{1,5,16,13,11,19,6,9,17,2,15,3,14,4,10,20,7,18,8,12} : 767
{1,12,8,11,13,16,5,10,20,19,6,18,7,9,17,2,15,4,3,14} : 769
{1,12,8,18,6,9,17,2,15,3,14,4,7,20,10,19,11,13,16,5} : 800
Best Hamiltonian cycle: {1,5,16,13,11,19,10,20,7,18,6,9,17,2,15,3,14,4,8,12} : 760
Observation number:9
Present instant: 6750.0
Number of move events: 784017
Number of evaporation events: 553
Top candidate cycles:
{1,12,8,4,14,3,15,2,17,9,6,18,7,20,10,19,11,13,16,5} : 760
{1,12,8,18,7,20,10,4,14,3,15,2,17,9,6,19,11,13,16,5} : 767
{1,5,16,13,11,19,6,9,17,2,15,3,14,4,10,20,7,18,8,12} : 767
{1,12,8,11,13,16,5,10,20,19,6,18,7,9,17,2,15,4,3,14} : 769
{1,12,8,18,6,9,17,2,15,3,14,4,7,20,10,19,11,13,16,5} : 800
Best Hamiltonian cycle: {1,5,16,13,11,19,10,20,7,18,6,9,17,2,15,3,14,4,8,12} : 760
Observation number:10
Present instant: 7500.0
Number of move events: 872618
Number of evaporation events: 553
Top candidate cycles:
{1,12,8,4,14,3,15,2,17,9,6,18,7,20,10,19,11,13,16,5} : 760
{1,12,8,18,7,20,10,4,14,3,15,2,17,9,6,19,11,13,16,5} : 767
{1,5,16,13,11,19,6,9,17,2,15,3,14,4,10,20,7,18,8,12} : 767
{1,12,8,11,13,16,5,10,20,19,6,18,7,9,17,2,15,4,3,14} : 769
{1,12,8,18,6,9,17,2,15,3,14,4,7,20,10,19,11,13,16,5} : 800
Best Hamiltonian cycle: {1,5,16,13,11,19,10,20,7,18,6,9,17,2,15,3,14,4,8,12} : 760
Observation number:11
Present instant: 8250.0
Number of move events: 960718
Number of evaporation events: 553
Top candidate cycles:
{1,12,8,4,14,3,15,2,17,9,6,18,7,20,10,19,11,13,16,5} : 760
{1,12,8,18,7,20,10,4,14,3,15,2,17,9,6,19,11,13,16,5} : 767
{1,5,16,13,11,19,6,9,17,2,15,3,14,4,10,20,7,18,8,12} : 767
{1,12,8,11,13,16,5,10,20,19,6,18,7,9,17,2,15,4,3,14} : 769
{1,12,8,18,6,9,17,2,15,3,14,4,7,20,10,19,11,13,16,5} : 800
Best Hamiltonian cycle: {1,5,16,13,11,19,10,20,7,18,6,9,17,2,15,3,14,4,8,12} : 760
Observation number:12
Present instant: 9000.0
Number of move events: 1049534
Number of evaporation events: 553
Top candidate cycles:
{1,12,8,4,14,3,15,2,17,9,6,18,7,20,10,19,11,13,16,5} : 760
{1,12,8,18,7,20,10,4,14,3,15,2,17,9,6,19,11,13,16,5} : 767
{1,5,16,13,11,19,6,9,17,2,15,3,14,4,10,20,7,18,8,12} : 767
{1,12,8,11,13,16,5,10,20,19,6,18,7,9,17,2,15,4,3,14} : 769
{1,12,8,18,6,9,17,2,15,3,14,4,7,20,10,19,11,13,16,5} : 800
Best Hamiltonian cycle: {1,5,16,13,11,19,10,20,7,18,6,9,17,2,15,3,14,4,8,12} : 760
Observation number:13
Present instant: 9750.0
Number of move events: 1138023
Number of evaporation events: 553
Top candidate cycles:
{1,12,8,4,14,3,15,2,17,9,6,18,7,20,10,19,11,13,16,5} : 760
{1,12,8,18,7,20,10,4,14,3,15,2,17,9,6,19,11,13,16,5} : 767
{1,5,16,13,11,19,6,9,17,2,15,3,14,4,10,20,7,18,8,12} : 767
{1,12,8,11,13,16,5,10,20,19,6,18,7,9,17,2,15,4,3,14} : 769
{1,12,8,18,6,9,17,2,15,3,14,4,7,20,10,19,11,13,16,5} : 800
Best Hamiltonian cycle: {1,5,16,13,11,19,10,20,7,18,6,9,17,2,15,3,14,4,8,12} : 760
Observation number:14
Present instant: 10500.0
Number of move events: 1226953
Number of evaporation events: 553
Top candidate cycles:
{1,12,8,4,14,3,15,2,17,9,6,18,7,20,10,19,11,13,16,5} : 760
{1,12,8,18,7,20,10,4,14,3,15,2,17,9,6,19,11,13,16,5} : 767
{1,5,16,13,11,19,6,9,17,2,15,3,14,4,10,20,7,18,8,12} : 767
{1,12,8,11,13,16,5,10,20,19,6,18,7,9,17,2,15,4,3,14} : 769
{1,12,8,18,6,9,17,2,15,3,14,4,7,20,10,19,11,13,16,5} : 800
Best Hamiltonian cycle: {1,5,16,13,11,19,10,20,7,18,6,9,17,2,15,3,14,4,8,12} : 760
Observation number:15
Present instant: 11250.0
Number of move events: 1315412
Number of evaporation events: 553
Top candidate cycles:
{1,12,8,4,14,3,15,2,17,9,6,18,7,20,10,19,11,13,16,5} : 760
{1,12,8,18,7,20,10,4,14,3,15,2,17,9,6,19,11,13,16,5} : 767
{1,5,16,13,11,19,6,9,17,2,15,3,14,4,10,20,7,18,8,12} : 767
{1,12,8,11,13,16,5,10,20,19,6,18,7,9,17,2,15,4,3,14} : 769
{1,12,8,18,6,9,17,2,15,3,14,4,7,20,10,19,11,13,16,5} : 800
Best Hamiltonian cycle: {1,5,16,13,11,19,10,20,7,18,6,9,17,2,15,3,14,4,8,12} : 760
Observation number:16
Present instant: 12000.0
Number of move events: 1404081
Number of evaporation events: 557
Top candidate cycles:
{1,12,8,4,14,3,15,2,17,9,6,18,7,20,10,19,11,13,16,5} : 760
{1,12,8,18,7,20,10,4,14,3,15,2,17,9,6,19,11,13,16,5} : 767
{1,5,16,13,11,19,6,9,17,2,15,3,14,4,10,20,7,18,8,12} : 767
{1,12,8,11,13,16,5,10,20,19,6,18,7,9,17,2,15,4,3,14} : 769
{1,12,8,18,6,9,17,2,15,3,14,4,7,20,10,19,11,13,16,5} : 800
Best Hamiltonian cycle: {1,5,16,13,11,19,10,20,7,18,6,9,17,2,15,3,14,4,8,12} : 760
Observation number:17
Present instant: 12750.0
Number of move events: 1487314
Number of evaporation events: 588
Top candidate cycles:
{1,12,8,4,14,3,15,2,17,9,6,18,7,20,10,19,11,13,16,5} : 760
{1,12,8,18,7,20,10,4,14,3,15,2,17,9,6,19,11,13,16,5} : 767
{1,5,16,13,11,19,6,9,17,2,15,3,14,4,10,20,7,18,8,12} : 767
{1,12,8,11,13,16,5,10,20,19,6,18,7,9,17,2,15,4,3,14} : 769
{1,12,8,18,6,9,17,2,15,3,14,4,7,20,10,19,11,13,16,5} : 800
Best Hamiltonian cycle: {1,5,16,13,11,19,10,20,7,18,6,9,17,2,15,3,14,4,8,12} : 760
Observation number:18
Present instant: 13500.0
Number of move events: 1577588
Number of evaporation events: 597
Top candidate cycles:
{1,12,8,4,14,3,15,2,17,9,6,18,7,20,10,19,11,13,16,5} : 760
{1,12,8,18,7,20,10,4,14,3,15,2,17,9,6,19,11,13,16,5} : 767
{1,5,16,13,11,19,6,9,17,2,15,3,14,4,10,20,7,18,8,12} : 767
{1,12,8,11,13,16,5,10,20,19,6,18,7,9,17,2,15,4,3,14} : 769
{1,12,8,18,6,9,17,2,15,3,14,4,7,20,10,19,11,13,16,5} : 800
Best Hamiltonian cycle: {1,5,16,13,11,19,10,20,7,18,6,9,17,2,15,3,14,4,8,12} : 760
Observation number:19
Present instant: 14250.0
Number of move events: 1668403
Number of evaporation events: 597
Top candidate cycles:
{1,12,8,4,14,3,15,2,17,9,6,18,7,20,10,19,11,13,16,5} : 760
{1,12,8,18,7,20,10,4,14,3,15,2,17,9,6,19,11,13,16,5} : 767
{1,5,16,13,11,19,6,9,17,2,15,3,14,4,10,20,7,18,8,12} : 767
{1,12,8,11,13,16,5,10,20,19,6,18,7,9,17,2,15,4,3,14} : 769
{1,12,8,18,6,9,17,2,15,3,14,4,7,20,10,19,11,13,16,5} : 800
Best Hamiltonian cycle: {1,5,16,13,11,19,10,20,7,18,6,9,17,2,15,3,14,4,8,12} : 760
Observation number:20
Present instant: 15000.0
Number of move events: 1758834
Number of evaporation events: 597
Top candidate cycles:
{1,12,8,4,14,3,15,2,17,9,6,18,7,20,10,19,11,13,16,5} : 760
{1,12,8,18,7,20,10,4,14,3,15,2,17,9,6,19,11,13,16,5} : 767
{1,5,16,13,11,19,6,9,17,2,15,3,14,4,10,20,7,18,8,12} : 767
{1,12,8,11,13,16,5,10,20,19,6,18,7,9,17,2,15,4,3,14} : 769
{1,12,8,18,6,9,17,2,15,3,14,4,7,20,10,19,11,13,16,5} : 800
Best Hamiltonian cycle: {1,5,16,13,11,19,10,20,7,18,6,9,17,2,15,3,14,4,8,12} : 760